1 30 33 16 3 24
32 17 2 23 34 15
29 36 31 14 25 4
18 9 6 35 22 13
7 28 11 20 5 26
10 19 8 27 12 21

1 10 31 40 21 14 29 38
32 41 2 11 30 39 22 13
9 48 33 20 15 12 37 28
42 3 44 47 6 25 18 23
45 8 5 34 19 16 27 36
4 43 46 7 26 35 24 17


1	32	9	42	45	4
10	41	48	3	8	43
31	2	33	44	5	46
40	11	20	47	34	7
21	30	15	6	19	26
14	39	12	25	16	35
29	22	37	18	27	24
38	13	28	23	36	17

1 46 17 50 3 6 31 52
18 49 2 7 30 51 56 5
45 64 47 16 27 4 53 32
48 19 8 29 10 55 26 57
63 44 11 22 15 28 33 54
12 41 20 9 36 23 58 25
43 62 39 14 21 60 37 34
40 13 42 61 38 35 24 59

1 46 37 66 3 48 35 68 5 8
38 65 2 47 36 67 4 7 34 69
45 80 39 24 49 18 31 52 9 6
64 23 44 21 30 15 50 19 70 33
79 40 25 14 17 20 53 32 51 10
26 63 22 43 54 29 16 73 58 71
41 78 61 28 13 76 59 56 11 74
62 27 42 77 60 55 12 75 72 57

 
1	38	45	64	79	26	41	62
46	65	80	23	40	63	78	27
37	2	39	44	25	22	61	42
66	47	24	21	14	43	28	77
3	36	49	30	17	54	13	60
48	67	18	15	20	29	76	55
35	4	31	50	53	16	59	12
68	7	52	19	32	73	56	75
5	34	9	70	51	58	11	72
8	69	6	33	10	71	74	57



1 54 69 66 3 56 39 64 5 8
68 71 2 55 38 65 4 7 88 63
53 100 67 70 57 26 35 40 9 6
72 75 52 27 42 37 58 87 62 89
99 30 73 44 25 34 41 36 59 10
74 51 76 31 28 43 86 81 90 61
77 98 29 24 45 80 33 60 11 92
50 23 48 79 32 85 82 91 14 17
97 78 21 84 95 46 19 16 93 12
22 49 96 47 20 83 94 13 18 15


1 4 119 100 65 6 69 102 71 8 75 104
118 99 2 5 68 101 42 7 28 103 72 9
3 120 97 64 41 66 25 70 39 74 105 76
98 117 48 67 62 43 40 27 60 29 10 73
93 96 63 44 47 26 61 24 33 38 77 106
116 51 94 49 20 23 46 37 30 59 34 11
95 92 115 52 45 54 21 32 35 80 107 78
114 89 50 19 22 85 36 55 58 31 12 81
91 18 87 112 53 16 57 110 83 14 79 108
88 113 90 17 86 111 84 15 56 109 82 13


1	118	3	98	93	116	95	114	91	88
4	99	120	117	96	51	92	89	18	113
119	2	97	48	63	94	115	50	87	90
100	5	64	67	44	49	52	19	112	17
65	68	41	62	47	20	45	22	53	86
6	101	66	43	26	23	54	85	16	111
69	42	25	40	61	46	21	36	57	84
102	7	70	27	24	37	32	55	110	15
71	28	39	60	33	30	35	58	83	56
8	103	74	29	38	59	80	31	14	109
75	72	105	10	77	34	107	12	79	82
104	9	76	73	106	11	78	81	108	13
